Payment #,Payment date,Remaining amount,Principal payment,Interest payment,Total payment,Interest rate
1,2017-05-15,5000.0,185.36,50.0,235.36,12.0
2,2017-06-15,4814.64,187.21,48.15,235.36,12.0
3,2017-07-15,4627.43,189.09,46.27,235.36,12.0
4,2017-08-15,4438.34,190.98,44.38,235.36,12.0
5,2017-09-15,4247.36,192.89,42.47,235.36,12.0
6,2017-10-15,4054.47,194.82,40.54,235.36,12.0
7,2017-11-15,3859.65,196.76,38.6,235.36,12.0
8,2017-12-15,3662.89,198.73,36.63,235.36,12.0
9,2018-01-15,3464.16,200.72,34.64,235.36,12.0
10,2018-02-15,3263.44,202.73,32.63,235.36,12.0
11,2018-03-15,3060.71,204.75,30.61,235.36,12.0
12,2018-04-15,2855.96,206.8,28.56,235.36,12.0
13,2018-05-15,2649.16,208.87,26.49,235.36,12.0
14,2018-06-15,2440.29,210.96,24.4,235.36,12.0
15,2018-07-15,2229.33,213.07,22.29,235.36,12.0
16,2018-08-15,2016.26,215.2,20.16,235.36,12.0
17,2018-09-15,1801.06,217.35,18.01,235.36,12.0
18,2018-10-15,1583.71,219.52,15.84,235.36,12.0
19,2018-11-15,1364.19,221.72,13.64,235.36,12.0
20,2018-12-15,1142.47,223.94,11.42,235.36,12.0
21,2019-01-15,918.53,226.17,9.19,235.36,12.0
22,2019-02-15,692.36,228.44,6.92,235.36,12.0
23,2019-03-15,463.92,230.72,4.64,235.36,12.0
24,2019-04-15,233.2,233.2,2.33,235.53,12.0

Payment #,Payment date,Remaining amount,Principal payment,Interest payment,Total payment,Interest rate
1,2017-05-15,5000.0,185.36,50.0,235.36,12.0
2,2017-06-15,4814.64,187.21,48.15,235.36,12.0
3,2017-07-15,4627.43,189.09,46.27,235.36,12.0
4,2017-08-15,4438.34,190.98,44.38,235.36,12.0
5,2017-09-15,4247.36,197.62,31.86,229.48,9.0
6,2017-10-15,4049.74,199.11,30.37,229.48,9.0
7,2017-11-15,3850.63,200.6,28.88,229.48,9.0
8,2017-12-15,3650.03,202.1,27.38,229.48,9.0
9,2018-01-15,3447.93,203.62,25.86,229.48,9.0
10,2018-02-15,3244.31,205.15,24.33,229.48,9.0
11,2018-03-15,3039.16,206.69,22.79,229.48,9.0
12,2018-04-15,2832.47,208.24,21.24,229.48,9.0
13,2018-05-15,2624.23,209.8,19.68,229.48,9.0
14,2018-06-15,2414.43,211.37,18.11,229.48,9.0
15,2018-07-15,2203.06,212.96,16.52,229.48,9.0
16,2018-08-15,1990.1,214.55,14.93,229.48,9.0
17,2018-09-15,1775.55,216.16,13.32,229.48,9.0
18,2018-10-15,1559.39,217.78,11.7,229.48,9.0
19,2018-11-15,1341.61,219.42,10.06,229.48,9.0
20,2018-12-15,1122.19,221.06,8.42,229.48,9.0
21,2019-01-15,901.13,222.72,6.76,229.48,9.0
22,2019-02-15,678.41,224.39,5.09,229.48,9.0
23,2019-03-15,454.02,226.07,3.41,229.48,9.0
24,2019-04-15,227.95,227.95,1.71,229.66,9.0
